
1549232871.9588015:[0.6261770725250244, 0.4230313301086426, 0.6278526782989502, 0.4168124198913574, 0.6290502548217773, 0.42203569412231445, 1.556971549987793, 0.41924142837524414, 0.5232319831848145, 0.8470561504364014, 0.7308645248413086, 0.9369809627532959, 0.517042875289917]
1549469866.593013:[0.5290448665618896, 0.525047779083252, 0.532160758972168, 0.6330478191375732, 0.6340532302856445, 0.5250425338745117, 0.947075366973877, 0.6280577182769775, 0.3160262107849121, 0.42503786087036133, 0.42203426361083984, 0.5308964252471924, 0.5251150131225586, 0.4180338382720947]
1549664690.0574844:[0.11209630966186523, 0.4352452754974365, 0.43404245376586914, 0.7519605159759521, 0.4360623359680176, 0.43094825744628906, 0.4310476779937744, 0.4350883960723877, 0.7545170783996582, 0.5413830280303955, 0.5399343967437744, 0.4292581081390381]
1549946575.8635216:[0.5447268486022949, 0.4330105781555176, 0.32570815086364746, 0.540686845779419, 0.5409719944000244, 0.7483880519866943, 0.538297176361084, 0.43390679359436035, 1.0721435546875, 0.43253326416015625, 0.6484253406524658, 0.4323008060455322, 0.5374007225036621, 0.6458256244659424, 0.5390350818634033, 0.3224318027496338]
1550355694.58502:[0.865452766418457, 0.6479973793029785, 0.43289661407470703, 0.32621192932128906, 0.9703705310821533, 0.3263111114501953, 0.5382504463195801, 0.43099451065063477, 0.9700486660003662, 0.8590505123138428, 0.4318389892578125, 0.21569156646728516, 0.8638973236083984, 0.7561507225036621, 0.7487945556640625]
1550454787.6157844:[0.6411838531494141, 0.21564912796020508, 0.5310988426208496, 0.1098470687866211, 0.32178497314453125, 1.5864431858062744, 0.531696081161499, 0.9558944702148438, 3.171140432357788, 0.6352112293243408, 3.0620672702789307, 0.3209397792816162, 1.0581512451171875, 0.4262068271636963, 0.8484070301055908, 0.42568230628967285, 0.74344801902771, 0.42429256439208984, 0.9502134323120117]
1550457242.7252111:[0.7437996864318848, 1.165290117263794, 0.5319766998291016, 0.32083702087402344]
1550457310.3802543:[]
1550457451.8283076:[]
1550457509.6161902:[]
1550457538.5372558:[]
1550457552.7238266:[0.4266355037689209, 0.4252023696899414]
1550457663.0659344:[]
1550457732.5149007:[]
1550457790.451481:[]
1550458682.9990382:[]
1550458734.2647328:[]
1550458757.8592541:[0.2134702205657959]
1550458818.6450624:[]
1550459088.857318:[]
1550459109.0252602:[]
1550459395.425446:[]
1550459418.988499:[]
1550459439.3549864:[]
1550463712.1575227:[0.4254283905029297, 0.533557653427124, 0.3237950801849365, 0.31928348541259766, 0.3210723400115967, 0.3207130432128906, 0.4261820316314697, 0.5324220657348633, 0.5319299697875977, 0.3204810619354248, 0.32086610794067383, 0.531796932220459, 0.42623162269592285, 0.3200976848602295, 0.42366814613342285]
1550685463.2720263:[0.429715633392334, 0.4251985549926758, 0.5292727947235107, 6.754145622253418, 0.5311629772186279, 0.4255497455596924, 0.4206655025482178, 0.42195725440979004, 0.42688751220703125, 0.42634057998657227, 0.4244496822357178, 0.5300600528717041, 0.5312273502349854, 0.42317676544189453, 0.4258460998535156, 0.42526865005493164, 0.42641305923461914, 0.424452543258667]
1550938085.9981742:[0.4307394027709961, 0.10987186431884766, 0.3218228816986084, 0.42463207244873047, 4.537315845489502, 0.3212001323699951, 0.32077693939208984, 0.3204503059387207, 0.4263267517089844, 0.3200340270996094, 0.31952500343322754, 0.5263552665710449, 0.4253988265991211, 0.3205251693725586, 0.42346668243408203]
1551129136.5674686:[0.21401214599609375, 0.3226466178894043, 0.4235260486602783, 0.3215656280517578, 0.4255216121673584, 0.3226184844970703, 0.3213489055633545, 0.3139522075653076, 0.5347561836242676, 0.5333089828491211, 0.3193244934082031, 0.21300435066223145, 0.31775879859924316, 0.32187819480895996, 0.42057180404663086, 0.5222220420837402]
1551806851.0637755:[0.11701130867004395, 0.3140249252319336, 0.5240399837493896, 0.42203354835510254, 0.5280373096466064, 0.3200232982635498, 0.4250319004058838, 0.21701598167419434, 0.5220394134521484, 0.5230302810668945, 0.5200402736663818, 0.5250382423400879, 0.10701322555541992, 0.5215663909912109]
1551843812.076375:[0.322446346282959, 0.5327920913696289, 0.4271223545074463, 0.32008862495422363, 0.32004547119140625, 0.3202064037322998, 0.3202188014984131, 0.21405363082885742, 0.2148120403289795, 0.31989359855651855, 0.529470682144165, 0.3220102787017822, 0.21476960182189941, 0.42602014541625977, 0.31902337074279785]
1553103222.5756788:[0.7478311061859131, 0.42802858352661133, 0.4260528087615967, 0.42464542388916016, 0.7425987720489502, 0.4263570308685303, 0.5317070484161377, 0.4157290458679199, 0.4247856140136719, 0.42678380012512207, 0.4272770881652832, 0.5338664054870605, 0.5305304527282715, 0.7431914806365967, 0.7420754432678223, 0.4254179000854492, 0.5314996242523193]
1553823517.3238456:[0.5334286689758301, 0.5312457084655762, 0.4254772663116455, 0.4255635738372803, 0.3184010982513428, 0.74458909034729, 0.5325193405151367, 0.5301403999328613, 0.4251527786254883, 0.4247274398803711, 0.3215768337249756, 0.31893157958984375, 2.747100591659546, 0.31986331939697266, 0.32004475593566895, 0.3195509910583496, 0.3198370933532715, 0.21526789665222168]
1555016093.2532706:[0.9571356773376465, 0.9545629024505615, 0.532341718673706, 0.10967230796813965, 0.9490745067596436, 0.5310897827148438, 0.21516084671020508, 1.6934702396392822, 0.73984694480896]
1559306837.6244938:[0.6430346965789795, 3.6407887935638428]
1559306941.8859854:[]
1559306976.7668555:[]
1559307127.9774635:[]
1559307141.0180862:[]
1559307177.1885138:[]
1559670520.2836227:[0.653181791305542, 0.5444397926330566, 0.5394668579101562, 0.7543671131134033, 0.323014497756958, 0.7580747604370117, 0.6504018306732178, 0.5413844585418701]
1559670612.8504791:[]
1560559627.3264441:[0.6446895599365234, 0.5294101238250732, 0.42783570289611816, 0.7458393573760986, 0.5329511165618896, 0.7459530830383301, 0.42617321014404297, 0.7472667694091797, 0.7467749118804932, 0.5326311588287354, 0.532585859298706, 0.5346543788909912]
1563312731.188365:[1.0656991004943848, 0.5374898910522461, 11.762961387634277, 0.7459464073181152, 0.644526481628418, 0.5363678932189941, 0.322587251663208, 0.6425402164459229, 0.8524494171142578, 0.5267696380615234, 0.6387367248535156, 0.5343465805053711, 0.6437110900878906]